152    6
    1      -55.1457        2.0968      193.5000        2.0798     6        0.0770        0.3000        0.0000        0.3000
    2      -72.0331        2.1187      173.2970        2.2978     6        0.1006        0.3000        0.0000        0.3000
    3      -70.3214        2.9704      157.6940        3.0237     6        0.0983        0.3000        0.0000        0.3000
    4      -59.3916        2.6410      179.5030        2.6000     6        0.0830        0.3000        0.0000        0.3000
    5      -42.9252        2.6270      203.9490        2.4986     6        0.0600        0.3000        0.0000        0.3000
    6      -76.6923        4.1897      153.1590        4.2396     6        0.1072        0.3000        0.0000        0.3000
    7      -60.8558        2.8168      154.1940        3.0038     6        0.0850        0.3000        0.0000        0.3000
    8      -45.5340        2.6694      184.9500        2.8010     6        0.0636        0.3000        0.0000        0.3000
    9      -73.7064        3.3263      133.9860        3.5988     6        0.1030        0.3000        0.0000        0.3000
   10      -50.0778        3.2495      167.2660        3.3232     6        0.0700        0.3000        0.0000        0.3000
   11      -86.6754        3.8750      146.3870        5.2427     6        0.1211        0.3000        0.0000        0.3000
   12      -26.1590        1.9576      201.4540        1.8966     6        0.0365        0.3000        0.0000        0.3000
   13      -37.2943        2.5324      178.6010        2.6251     6        0.0521        0.3000        0.0000        0.3000
   14      -34.4990        2.0178      209.0830        2.4391     6        0.0482        0.3000        0.0000        0.3000
   15      -16.3027        2.6189      213.9030        2.2605     6        0.0228        0.3000        0.0000        0.3000
   16      -38.7077        4.3361      150.9810        4.8294     6        0.0541        0.3000        0.0000        0.3000
   17      -60.5436        3.4357      125.8640        3.5983     6        0.0846        0.3000        0.0000        0.3000
   18      -19.7254        4.7335      158.9490        4.6179     6        0.0276        0.3000        0.0000        0.3000
   19        4.2529        2.7654      168.3870        2.7301     6       -0.0059        0.3000        0.0000        0.3000
   20      -16.4615        3.5297      143.8570        3.5445     6        0.0230        0.3000        0.0000        0.3000
   21        3.0782        3.5030      178.6980        3.0119     6       -0.0043        0.3000        0.0000        0.3000
   22        7.4261        2.4720      204.6160        2.2845     6       -0.0104        0.3000        0.0000        0.3000
   23        0.0642        3.2353      146.3070        3.7537     6       -0.0001        0.3000        0.0000        0.3000
   24      -40.5902       10.0825      111.4050       10.0086     6        0.0567        0.3000        0.0000        0.3000
   25       -0.1276        6.7604      110.5890        7.0940     6        0.0002        0.3000        0.0000        0.3000
   26      -87.3687        8.2117      102.1610        7.2087     6        0.1221        0.3000        0.0000        0.3000
   27      -89.7611        4.0744      122.0640        4.5906     6        0.1254        0.3000        0.0000        0.3000
   28      -91.8239        4.0835      137.6060        4.0820     6        0.1283        0.3000        0.0000        0.3000
   29      -85.3951        3.6154      151.7840        3.8806     6        0.1193        0.3000        0.0000        0.3000
   30     -114.3580        4.6658      122.1780        4.9735     6        0.1598        0.3000        0.0000        0.3000
   31      -81.4300        3.5452      160.4410        3.6119     6        0.1138        0.3000        0.0000        0.3000
   32     -132.0510        4.9994      103.5270        5.0644     6        0.1845        0.3000        0.0000        0.3000
   33     -124.5350        3.7981      122.6700        4.1195     6        0.1740        0.3000        0.0000        0.3000
   34      -95.7580        3.5007      129.3700        3.3790     6        0.1338        0.3000        0.0000        0.3000
   35     -152.6960        3.7237       99.8517        3.8012     6        0.2133        0.3000        0.0000        0.3000
   36      -90.3990        3.9430      143.6930        3.8915     6        0.1263        0.3000        0.0000        0.3000
   37     -161.8010        6.0123       85.0652        6.6092     6        0.2261        0.3000        0.0000        0.3000
   38     -111.7940        2.9943      119.7210        3.3542     6        0.1562        0.3000        0.0000        0.3000
   39      -95.2033        3.3516      144.5920        3.3656     6        0.1330        0.3000        0.0000        0.3000
   40     -197.6370        6.0079       65.5906        7.2035     6        0.2761        0.3000        0.0000        0.3000
   41     -165.6160        4.3043       83.3342        4.7753     6        0.2314        0.3000        0.0000        0.3000
   42     -125.5160        3.5372      104.3610        3.9421     6        0.1754        0.3000        0.0000        0.3000
   43     -200.2530        4.6879       70.5455        6.3901     6        0.2798        0.3000        0.0000        0.3000
   44     -113.5730        4.5225      117.8220        4.7783     6        0.1587        0.3000        0.0000        0.3000
   45      -92.0753        3.9628      146.0720        3.5701     6        0.1286        0.3000        0.0000        0.3000
   46      -91.0898        3.3440      161.6950        3.6062     6        0.1273        0.3000        0.0000        0.3000
   47      -98.1729        3.5833      121.1800        4.1009     6        0.1372        0.3000        0.0000        0.3000
   48      -69.5816        2.5410      164.6130        2.5937     6        0.0972        0.3000        0.0000        0.3000
   49      -88.2302        3.4679      157.8750        3.1531     6        0.1233        0.3000        0.0000        0.3000
   50      -82.3289        3.3184      167.3280        3.3299     6        0.1150        0.3000        0.0000        0.3000
   51     -107.6110        5.3229       95.1285        5.7503     6        0.1504        0.3000        0.0000        0.3000
   52      -51.8417        2.4857      205.5820        2.3709     6        0.0724        0.3000        0.0000        0.3000
   53      -79.5708        3.6448      144.9460        4.0592     6        0.1112        0.3000        0.0000        0.3000
   54      -91.3735        3.9442      118.0400        3.7089     6        0.1277        0.3000        0.0000        0.3000
   55      -72.6749        2.9911      164.7620        3.4431     6        0.1015        0.3000        0.0000        0.3000
   56      -60.5916        2.9094      176.1180        3.1164     6        0.0847        0.3000        0.0000        0.3000
   57      -39.0104        2.3175      206.0140        2.3116     6        0.0545        0.3000        0.0000        0.3000
   58      -34.4129        2.4266      206.8000        2.0482     6        0.0481        0.3000        0.0000        0.3000
   59      -70.6768        3.5479      121.3320        3.9969     6        0.0987        0.3000        0.0000        0.3000
   60      -65.8570        4.5950      138.5120        5.6327     6        0.0920        0.3000        0.0000        0.3000
   61      -59.1339        3.3719      171.2910        3.7174     6        0.0826        0.3000        0.0000        0.3000
   62      -49.2578        3.2075      170.3700        3.1709     6        0.0688        0.3000        0.0000        0.3000
   63      -16.6150        2.3117      214.0120        2.2708     6        0.0232        0.3000        0.0000        0.3000
   64      -34.8226        3.0110      192.5010        3.2053     6        0.0487        0.3000        0.0000        0.3000
   65      -46.7406        4.3292      129.9430        4.1870     6        0.0653        0.3000        0.0000        0.3000
   66       -9.7196        1.9864      204.6500        1.8276     6        0.0136        0.3000        0.0000        0.3000
   67       19.7364        1.6585      210.2710        1.6884     6       -0.0276        0.3000        0.0000        0.3000
   68      -55.3930        7.4374       99.0821        6.3961     6        0.0774        0.3000        0.0000        0.3000
   69      -38.5227        2.8867      174.3750        3.5367     6        0.0538        0.3000        0.0000        0.3000
   70       17.2862        3.2770      121.6360        3.7585     6       -0.0242        0.3000        0.0000        0.3000
   71      -19.8976        3.8957      170.7020        3.8819     6        0.0278        0.3000        0.0000        0.3000
   72       25.4342        2.2356      198.9160        2.2080     6       -0.0355        0.3000        0.0000        0.3000
   73       31.9210        2.3194      172.7090        2.6144     6       -0.0446        0.3000        0.0000        0.3000
   74       -3.0782        3.5030      178.6980        3.0119     6        0.0043        0.3000        0.0000        0.3000
   75      -34.4652        5.1683      107.4330        5.6462     6        0.0482        0.3000        0.0000        0.3000
   76       16.3027        2.6189      213.9030        2.2605     6       -0.0228        0.3000        0.0000        0.3000
   77     -155.4680        5.7759       68.2334        7.7390     6        0.2172        0.3000        0.0000        0.3000
   78     -214.7180        6.1199       56.6170        9.1357     6        0.3000        0.3000        0.0000        0.3000
   79      -26.6730        4.6966      132.8620        5.1206     6        0.0373        0.3000        0.0000        0.3000
   80      -21.9635        3.7540      145.7560        4.2677     6        0.0307        0.3000        0.0000        0.3000
   81      -15.0469        4.0457      128.5620        4.7624     6        0.0210        0.3000        0.0000        0.3000
   82      -16.9529        4.1102      164.4660        4.0868     6        0.0237        0.3000        0.0000        0.3000
   83       23.6044        2.5417      201.7310        2.3525     6       -0.0330        0.3000        0.0000        0.3000
   84        6.2509        3.7380      171.5460        3.6687     6       -0.0087        0.3000        0.0000        0.3000
   85      -14.9436        5.7108      103.9410        6.8771     6        0.0209        0.3000        0.0000        0.3000
   86        5.8902        3.9959      153.8600        4.5974     6       -0.0082        0.3000        0.0000        0.3000
   87       37.4109        1.9958      202.8120        1.9707     6       -0.0523        0.3000        0.0000        0.3000
   88       37.6838        3.3413      185.4560        3.5496     6       -0.0527        0.3000        0.0000        0.3000
   89       34.4990        2.0178      209.0830        2.4391     6       -0.0482        0.3000        0.0000        0.3000
   90       19.7254        4.7335      158.9490        4.6179     6       -0.0276        0.3000        0.0000        0.3000
   91       34.4129        2.4266      206.8000        2.0482     6       -0.0481        0.3000        0.0000        0.3000
   92       -1.6619        4.8737      134.9580        5.2150     6        0.0023        0.3000        0.0000        0.3000
   93       45.5340        2.6694      184.9500        2.8010     6       -0.0636        0.3000        0.0000        0.3000
   94       36.7685        3.8820      170.3250        3.9001     6       -0.0514        0.3000        0.0000        0.3000
   95        4.0980        6.2916      128.3150        5.8336     6       -0.0057        0.3000        0.0000        0.3000
   96       49.6517        1.8949      204.8680        1.8623     6       -0.0694        0.3000        0.0000        0.3000
   97       24.3638        5.2904      154.4380        5.6368     6       -0.0340        0.3000        0.0000        0.3000
   98       21.9635        3.7540      145.7560        4.2677     6       -0.0307        0.3000        0.0000        0.3000
   99       39.0104        2.3175      206.0140        2.3116     6       -0.0545        0.3000        0.0000        0.3000
  100       59.3916        2.6410      179.5030        2.6000     6       -0.0830        0.3000        0.0000        0.3000
  101       55.6762        3.0247      167.6260        3.0005     6       -0.0778        0.3000        0.0000        0.3000
  102       64.1298        3.0043      184.1570        2.8775     6       -0.0896        0.3000        0.0000        0.3000
  103       38.5853        5.7376      161.1400        6.7048     6       -0.0539        0.3000        0.0000        0.3000
  104       23.0641        9.5997      107.6450        9.7470     6       -0.0322        0.3000        0.0000        0.3000
  105       36.7031        5.2607      139.5820        5.2491     6       -0.0513        0.3000        0.0000        0.3000
  106       49.2578        3.2075      170.3700        3.1709     6       -0.0688        0.3000        0.0000        0.3000
  107       48.6514        5.1474      161.5120        5.3859     6       -0.0680        0.3000        0.0000        0.3000
  108       76.0691        2.8459      168.7280        3.0736     6       -0.1063        0.3000        0.0000        0.3000
  109       31.2237        4.5250      128.7830        4.7454     6       -0.0436        0.3000        0.0000        0.3000
  110       60.5916        2.9094      176.1180        3.1164     6       -0.0847        0.3000        0.0000        0.3000
  111       68.7448        2.5753      175.8750        2.7702     6       -0.0960        0.3000        0.0000        0.3000
  112       52.7820        4.7692      132.9200        4.5546     6       -0.0737        0.3000        0.0000        0.3000
  113       64.4952        3.3825      168.7970        3.7564     6       -0.0901        0.3000        0.0000        0.3000
  114       60.9376        3.6838      144.1530        4.2321     6       -0.0851        0.3000        0.0000        0.3000
  115       61.4871        2.7185      161.3460        3.1026     6       -0.0859        0.3000        0.0000        0.3000
  116       21.7985        7.3886      105.1020        7.9026     6       -0.0305        0.3000        0.0000        0.3000
  117       68.8558        4.0208      148.3970        3.9966     6       -0.0962        0.3000        0.0000        0.3000
  118       59.2784        5.0882      131.2050        5.1652     6       -0.0828        0.3000        0.0000        0.3000
  119       72.6749        2.9911      164.7620        3.4431     6       -0.1015        0.3000        0.0000        0.3000
  120       50.9015        5.6467      116.3480        5.8317     6       -0.0711        0.3000        0.0000        0.3000
  121       76.1701        3.8497      160.8000        3.5857     6       -0.1064        0.3000        0.0000        0.3000
  122       82.7018        3.0900      144.5340        3.7707     6       -0.1155        0.3000        0.0000        0.3000
  123       81.6806        2.7372      152.4110        2.8625     6       -0.1141        0.3000        0.0000        0.3000
  124       85.1497        2.3976      162.3440        2.2895     6       -0.1190        0.3000        0.0000        0.3000
  125       81.4300        3.5452      160.4410        3.6119     6       -0.1138        0.3000        0.0000        0.3000
  126       91.0898        3.3440      161.6950        3.6062     6       -0.1273        0.3000        0.0000        0.3000
  127       72.2056        4.3751      127.2680        4.8078     6       -0.1009        0.3000        0.0000        0.3000
  128       79.5708        3.6448      144.9460        4.0592     6       -0.1112        0.3000        0.0000        0.3000
  129       85.3516        4.4296      115.3380        5.0870     6       -0.1193        0.3000        0.0000        0.3000
  130       50.4692        5.0609      117.9510        5.5795     6       -0.0705        0.3000        0.0000        0.3000
  131       95.2033        3.3516      144.5920        3.3656     6       -0.1330        0.3000        0.0000        0.3000
  132       95.9976        4.3388      125.2220        4.6894     6       -0.1341        0.3000        0.0000        0.3000
  133       86.4738        4.3131      108.4040        4.7976     6       -0.1208        0.3000        0.0000        0.3000
  134       91.8239        4.0835      137.6060        4.0820     6       -0.1283        0.3000        0.0000        0.3000
  135       95.2826        8.1197      102.0930        6.8025     6       -0.1331        0.3000        0.0000        0.3000
  136       92.0753        3.9628      146.0720        3.5701     6       -0.1286        0.3000        0.0000        0.3000
  137       91.2632        3.2980      139.2110        3.2803     6       -0.1275        0.3000        0.0000        0.3000
  138       82.4222        3.5659      126.2300        3.9270     6       -0.1152        0.3000        0.0000        0.3000
  139       98.9743        3.8046      111.9570        3.7627     6       -0.1383        0.3000        0.0000        0.3000
  140       97.0276        4.3039      129.8840        4.0595     6       -0.1356        0.3000        0.0000        0.3000
  141      105.3620        4.4374      125.9490        4.9888     6       -0.1472        0.3000        0.0000        0.3000
  142      130.4490        4.5559      111.0690        4.7779     6       -0.1823        0.3000        0.0000        0.3000
  143      122.4480        4.2205      122.9670        4.6168     6       -0.1711        0.3000        0.0000        0.3000
  144      142.9430        7.3856       87.7775        7.5116     6       -0.1997        0.3000        0.0000        0.3000
  145      105.2730        4.8995      122.0780        5.2135     6       -0.1471        0.3000        0.0000        0.3000
  146      117.8640        3.5430      111.0390        3.9786     6       -0.1647        0.3000        0.0000        0.3000
  147      116.6300        4.5889      115.6290        5.2720     6       -0.1630        0.3000        0.0000        0.3000
  148      138.0600        4.3715      111.0250        4.5219     6       -0.1929        0.3000        0.0000        0.3000
  149      184.2030        4.1254       83.1491        4.9246     6       -0.2574        0.3000        0.0000        0.3000
  150      149.8480        3.1421       96.1340        3.3605     6       -0.2094        0.3000        0.0000        0.3000
  151      140.7620        4.9469       86.2257        5.1853     6       -0.1967        0.3000        0.0000        0.3000
  152      205.3860        3.5998       63.1672        4.9364     6       -0.2870        0.3000        0.0000        0.3000
