39.96   # distance
4.3  0.0   # stellar m/l, error
82.939205069 76.126749226  90.103094801  # incl
1.463776123547165  18.891350675685175  0.10167342640194296 # incl error
  0.010  1.4533e+06  1.4533e+06  1.4534e+06  1.5203e+04  1.5203e+04  1.5290e+04  4.7267e+03  4.7267e+03  4.7267e+03
  0.010  1.4558e+06  1.4558e+06  1.4559e+06  1.7333e+04  1.7333e+04  1.7433e+04  5.1586e+03  5.1586e+03  5.1586e+03
  0.011  1.4587e+06  1.4587e+06  1.4588e+06  1.9762e+04  1.9762e+04  1.9876e+04  5.6299e+03  5.6299e+03  5.6299e+03
  0.011  1.4620e+06  1.4620e+06  1.4621e+06  2.2531e+04  2.2531e+04  2.2661e+04  6.1443e+03  6.1443e+03  6.1443e+03
  0.012  1.4657e+06  1.4657e+06  1.4659e+06  2.5689e+04  2.5689e+04  2.5836e+04  6.7056e+03  6.7056e+03  6.7056e+03
  0.012  1.4699e+06  1.4699e+06  1.4701e+06  2.9288e+04  2.9288e+04  2.9456e+04  7.3183e+03  7.3183e+03  7.3183e+03
  0.013  1.4747e+06  1.4747e+06  1.4749e+06  3.3392e+04  3.3392e+04  3.3583e+04  7.9869e+03  7.9869e+03  7.9869e+03
  0.014  1.4801e+06  1.4801e+06  1.4803e+06  3.8071e+04  3.8071e+04  3.8289e+04  8.7167e+03  8.7167e+03  8.7167e+03
  0.014  1.4863e+06  1.4863e+06  1.4865e+06  4.3405e+04  4.3405e+04  4.3654e+04  9.5131e+03  9.5131e+03  9.5131e+03
  0.015  1.4932e+06  1.4932e+06  1.4935e+06  4.9487e+04  4.9487e+04  4.9770e+04  1.0382e+04  1.0382e+04  1.0382e+04
  0.015  1.5011e+06  1.5011e+06  1.5014e+06  5.6421e+04  5.6421e+04  5.6744e+04  1.1331e+04  1.1331e+04  1.1331e+04
  0.016  1.5100e+06  1.5100e+06  1.5104e+06  6.4326e+04  6.4326e+04  6.4694e+04  1.2366e+04  1.2366e+04  1.2366e+04
  0.017  1.5202e+06  1.5202e+06  1.5206e+06  7.3338e+04  7.3338e+04  7.3758e+04  1.3496e+04  1.3496e+04  1.3496e+04
  0.018  1.5317e+06  1.5317e+06  1.5322e+06  8.3613e+04  8.3613e+04  8.4092e+04  1.4729e+04  1.4729e+04  1.4729e+04
  0.018  1.5447e+06  1.5447e+06  1.5453e+06  9.5327e+04  9.5327e+04  9.5874e+04  1.6075e+04  1.6075e+04  1.6075e+04
  0.019  1.5596e+06  1.5596e+06  1.5602e+06  1.0868e+05  1.0868e+05  1.0931e+05  1.7543e+04  1.7543e+04  1.7543e+04
  0.020  1.5764e+06  1.5764e+06  1.5771e+06  1.2391e+05  1.2391e+05  1.2462e+05  1.9146e+04  1.9146e+04  1.9146e+04
  0.021  1.5955e+06  1.5955e+06  1.5963e+06  1.4127e+05  1.4127e+05  1.4208e+05  2.0895e+04  2.0895e+04  2.0895e+04
  0.022  1.6172e+06  1.6172e+06  1.6181e+06  1.6106e+05  1.6106e+05  1.6198e+05  2.2804e+04  2.2804e+04  2.2804e+04
  0.023  1.6418e+06  1.6418e+06  1.6429e+06  1.8362e+05  1.8362e+05  1.8467e+05  2.4888e+04  2.4888e+04  2.4888e+04
  0.024  1.6698e+06  1.6698e+06  1.6710e+06  2.0934e+05  2.0934e+05  2.1054e+05  2.7162e+04  2.7162e+04  2.7162e+04
  0.025  1.7016e+06  1.7016e+06  1.7030e+06  2.3866e+05  2.3866e+05  2.4003e+05  2.9643e+04  2.9643e+04  2.9643e+04
  0.026  1.7378e+06  1.7378e+06  1.7393e+06  2.7209e+05  2.7209e+05  2.7365e+05  3.2351e+04  3.2351e+04  3.2351e+04
  0.027  1.7788e+06  1.7788e+06  1.7806e+06  3.1020e+05  3.1020e+05  3.1198e+05  3.5307e+04  3.5307e+04  3.5307e+04
  0.029  1.8255e+06  1.8255e+06  1.8275e+06  3.5364e+05  3.5364e+05  3.5567e+05  3.8533e+04  3.8533e+04  3.8533e+04
  0.030  1.8786e+06  1.8786e+06  1.8809e+06  4.0317e+05  4.0317e+05  4.0548e+05  4.2053e+04  4.2053e+04  4.2053e+04
  0.031  1.9389e+06  1.9389e+06  1.9415e+06  4.5963e+05  4.5963e+05  4.6226e+05  4.5895e+04  4.5895e+04  4.5895e+04
  0.033  2.0074e+06  2.0074e+06  2.0104e+06  5.2399e+05  5.2399e+05  5.2699e+05  5.0088e+04  5.0088e+04  5.0088e+04
  0.034  2.0854e+06  2.0854e+06  2.0888e+06  5.9735e+05  5.9735e+05  6.0077e+05  5.4664e+04  5.4664e+04  5.4664e+04
  0.036  2.1740e+06  2.1740e+06  2.1779e+06  6.8099e+05  6.8099e+05  6.8489e+05  5.9658e+04  5.9658e+04  5.9658e+04
  0.037  2.2748e+06  2.2748e+06  2.2792e+06  7.7632e+05  7.7632e+05  7.8077e+05  6.5108e+04  6.5108e+04  6.5108e+04
  0.039  2.3894e+06  2.3894e+06  2.3944e+06  8.8499e+05  8.8499e+05  8.9006e+05  7.1057e+04  7.1057e+04  7.1057e+04
  0.041  2.5197e+06  2.5197e+06  2.5255e+06  1.0089e+06  1.0089e+06  1.0146e+06  7.7548e+04  7.7548e+04  7.7548e+04
  0.042  2.6680e+06  2.6680e+06  2.6746e+06  1.1501e+06  1.1501e+06  1.1566e+06  8.4633e+04  8.4633e+04  8.4633e+04
  0.044  2.8367e+06  2.8367e+06  2.8442e+06  1.3110e+06  1.3110e+06  1.3185e+06  9.2365e+04  9.2365e+04  9.2365e+04
  0.046  3.0285e+06  3.0285e+06  3.0371e+06  1.4944e+06  1.4944e+06  1.5030e+06  1.0080e+05  1.0080e+05  1.0080e+05
  0.048  3.2468e+06  3.2468e+06  3.2566e+06  1.7035e+06  1.7035e+06  1.7132e+06  1.1001e+05  1.1001e+05  1.1001e+05
  0.050  3.4951e+06  3.4951e+06  3.5062e+06  1.9417e+06  1.9417e+06  1.9529e+06  1.2006e+05  1.2006e+05  1.2006e+05
  0.053  3.7777e+06  3.7777e+06  3.7903e+06  2.2133e+06  2.2133e+06  2.2260e+06  1.3103e+05  1.3103e+05  1.3103e+05
  0.055  4.0991e+06  4.0991e+06  4.1135e+06  2.5228e+06  2.5228e+06  2.5372e+06  1.4300e+05  1.4300e+05  1.4300e+05
  0.057  4.4648e+06  4.4648e+06  4.4813e+06  2.8754e+06  2.8754e+06  2.8919e+06  1.5606e+05  1.5606e+05  1.5606e+05
  0.060  4.8810e+06  4.8810e+06  4.8997e+06  3.2773e+06  3.2773e+06  3.2961e+06  1.7032e+05  1.7032e+05  1.7032e+05
  0.063  5.3545e+06  5.3545e+06  5.3758e+06  3.7353e+06  3.7353e+06  3.7566e+06  1.8588e+05  1.8588e+05  1.8588e+05
  0.066  5.8932e+06  5.8932e+06  5.9176e+06  4.2570e+06  4.2570e+06  4.2814e+06  2.0286e+05  2.0286e+05  2.0286e+05
  0.068  6.5063e+06  6.5063e+06  6.5340e+06  4.8515e+06  4.8515e+06  4.8793e+06  2.2139e+05  2.2139e+05  2.2139e+05
  0.072  7.2038e+06  7.2038e+06  7.2354e+06  5.5289e+06  5.5289e+06  5.5604e+06  2.4162e+05  2.4162e+05  2.4162e+05
  0.075  7.9975e+06  7.9975e+06  8.0334e+06  6.3005e+06  6.3005e+06  6.3364e+06  2.6369e+05  2.6369e+05  2.6369e+05
  0.078  8.9005e+06  8.9005e+06  8.9415e+06  7.1794e+06  7.1794e+06  7.2204e+06  2.8778e+05  2.8778e+05  2.8778e+05
  0.082  9.9280e+06  9.9280e+06  9.9746e+06  8.1806e+06  8.1806e+06  8.2272e+06  3.1406e+05  3.1406e+05  3.1406e+05
  0.085  1.1097e+07  1.1097e+07  1.1150e+07  9.3208e+06  9.3208e+06  9.3740e+06  3.4275e+05  3.4275e+05  3.4275e+05
  0.089  1.2427e+07  1.2427e+07  1.2487e+07  1.0619e+07  1.0619e+07  1.0680e+07  3.7406e+05  3.7406e+05  3.7406e+05
  0.093  1.3940e+07  1.3940e+07  1.4009e+07  1.2098e+07  1.2098e+07  1.2167e+07  4.0823e+05  4.0823e+05  4.0823e+05
  0.097  1.5661e+07  1.5661e+07  1.5739e+07  1.3782e+07  1.3782e+07  1.3860e+07  4.4552e+05  4.4552e+05  4.4552e+05
  0.101  1.7618e+07  1.7618e+07  1.7707e+07  1.5698e+07  1.5698e+07  1.5788e+07  4.8621e+05  4.8621e+05  4.8621e+05
  0.106  1.9844e+07  1.9844e+07  1.9946e+07  1.7880e+07  1.7880e+07  1.7982e+07  5.3062e+05  5.3062e+05  5.3062e+05
  0.111  2.2375e+07  2.2375e+07  2.2491e+07  2.0363e+07  2.0363e+07  2.0479e+07  5.7909e+05  5.7909e+05  5.7909e+05
  0.116  2.5254e+07  2.5254e+07  2.5385e+07  2.3189e+07  2.3189e+07  2.3320e+07  6.3199e+05  6.3199e+05  6.3199e+05
  0.121  2.8526e+07  2.8526e+07  2.8676e+07  2.6403e+07  2.6403e+07  2.6553e+07  6.8971e+05  6.8971e+05  6.8971e+05
  0.126  3.2246e+07  3.2246e+07  3.2416e+07  3.0060e+07  3.0060e+07  3.0230e+07  7.5271e+05  7.5271e+05  7.5271e+05
  0.132  3.6473e+07  3.6473e+07  3.6667e+07  3.4218e+07  3.4218e+07  3.4412e+07  8.2145e+05  8.2145e+05  8.2145e+05
  0.138  4.1277e+07  4.1277e+07  4.1496e+07  3.8947e+07  3.8947e+07  3.9167e+07  8.9648e+05  8.9648e+05  8.9648e+05
  0.144  4.6733e+07  4.6733e+07  4.6983e+07  4.4321e+07  4.4321e+07  4.4571e+07  9.7836e+05  9.7836e+05  9.7836e+05
  0.150  5.2930e+07  5.2930e+07  5.3214e+07  5.0429e+07  5.0429e+07  5.0713e+07  1.0677e+06  1.0677e+06  1.0677e+06
  0.157  5.9967e+07  5.9967e+07  6.0290e+07  5.7368e+07  5.7368e+07  5.7691e+07  1.1652e+06  1.1652e+06  1.1652e+06
  0.164  6.7954e+07  6.7954e+07  6.8320e+07  6.5249e+07  6.5249e+07  6.5615e+07  1.2716e+06  1.2716e+06  1.2716e+06
  0.171  7.7017e+07  7.7017e+07  7.7433e+07  7.4196e+07  7.4196e+07  7.4612e+07  1.3878e+06  1.3878e+06  1.3878e+06
  0.179  8.7297e+07  8.7297e+07  8.7769e+07  8.4349e+07  8.4349e+07  8.4821e+07  1.5145e+06  1.5145e+06  1.5145e+06
  0.187  9.8953e+07  9.8953e+07  9.9488e+07  9.5867e+07  9.5867e+07  9.6402e+07  1.6528e+06  1.6528e+06  1.6528e+06
  0.195  1.1216e+08  1.1216e+08  1.1277e+08  1.0893e+08  1.0893e+08  1.0953e+08  1.8038e+06  1.8038e+06  1.8038e+06
  0.204  1.2713e+08  1.2713e+08  1.2782e+08  1.2373e+08  1.2373e+08  1.2441e+08  1.9685e+06  1.9685e+06  1.9685e+06
  0.213  1.4407e+08  1.4407e+08  1.4485e+08  1.4049e+08  1.4049e+08  1.4127e+08  2.1482e+06  2.1482e+06  2.1482e+06
  0.223  1.6324e+08  1.6324e+08  1.6412e+08  1.5947e+08  1.5947e+08  1.6035e+08  2.3444e+06  2.3444e+06  2.3444e+06
  0.233  1.8493e+08  1.8493e+08  1.8592e+08  1.8093e+08  1.8093e+08  1.8193e+08  2.5584e+06  2.5584e+06  2.5584e+06
  0.243  2.0943e+08  2.0943e+08  2.1055e+08  2.0520e+08  2.0520e+08  2.0632e+08  2.7920e+06  2.7920e+06  2.7920e+06
  0.254  2.3709e+08  2.3709e+08  2.3836e+08  2.3261e+08  2.3261e+08  2.3388e+08  3.0470e+06  3.0470e+06  3.0470e+06
  0.265  2.6831e+08  2.6831e+08  2.6974e+08  2.6355e+08  2.6355e+08  2.6498e+08  3.3252e+06  3.3252e+06  3.3252e+06
  0.277  3.0350e+08  3.0350e+08  3.0511e+08  2.9844e+08  2.9844e+08  3.0005e+08  3.6287e+06  3.6287e+06  3.6287e+06
  0.290  3.4313e+08  3.4313e+08  3.4494e+08  3.3773e+08  3.3773e+08  3.3955e+08  3.9600e+06  3.9600e+06  3.9600e+06
  0.303  3.8771e+08  3.8771e+08  3.8974e+08  3.8195e+08  3.8195e+08  3.8399e+08  4.3215e+06  4.3215e+06  4.3215e+06
  0.316  4.3780e+08  4.3780e+08  4.4009e+08  4.3165e+08  4.3165e+08  4.3394e+08  4.7160e+06  4.7160e+06  4.7160e+06
  0.330  4.9401e+08  4.9401e+08  4.9658e+08  4.8743e+08  4.8743e+08  4.9000e+08  5.1466e+06  5.1466e+06  5.1466e+06
  0.345  5.5701e+08  5.5701e+08  5.5988e+08  5.4996e+08  5.4996e+08  5.5283e+08  5.6163e+06  5.6163e+06  5.6163e+06
  0.360  6.2750e+08  6.2750e+08  6.3070e+08  6.1994e+08  6.1994e+08  6.2314e+08  6.1290e+06  6.1290e+06  6.1290e+06
  0.377  7.0624e+08  7.0624e+08  7.0982e+08  6.9812e+08  6.9812e+08  7.0170e+08  6.6884e+06  6.6884e+06  6.6884e+06
  0.393  7.9406e+08  7.9406e+08  7.9804e+08  7.8532e+08  7.8532e+08  7.8930e+08  7.2988e+06  7.2988e+06  7.2988e+06
  0.411  8.9178e+08  8.9178e+08  8.9621e+08  8.8239e+08  8.8239e+08  8.8681e+08  7.9650e+06  7.9650e+06  7.9650e+06
  0.429  1.0003e+09  1.0003e+09  1.0052e+09  9.9020e+08  9.9020e+08  9.9509e+08  8.6918e+06  8.6918e+06  8.6918e+06
  0.448  1.1206e+09  1.1206e+09  1.1260e+09  1.1097e+09  1.1097e+09  1.1151e+09  9.4850e+06  9.4850e+06  9.4850e+06
  0.469  1.2535e+09  1.2535e+09  1.2595e+09  1.2417e+09  1.2417e+09  1.2477e+09  1.0351e+07  1.0351e+07  1.0351e+07
  0.489  1.4000e+09  1.4000e+09  1.4066e+09  1.3873e+09  1.3873e+09  1.3939e+09  1.1295e+07  1.1295e+07  1.1295e+07
  0.511  1.5610e+09  1.5610e+09  1.5682e+09  1.5473e+09  1.5473e+09  1.5545e+09  1.2326e+07  1.2326e+07  1.2326e+07
  0.534  1.7375e+09  1.7375e+09  1.7453e+09  1.7226e+09  1.7226e+09  1.7304e+09  1.3450e+07  1.3450e+07  1.3450e+07
  0.558  1.9301e+09  1.9301e+09  1.9386e+09  1.9139e+09  1.9139e+09  1.9225e+09  1.4677e+07  1.4677e+07  1.4677e+07
  0.583  2.1395e+09  2.1395e+09  2.1488e+09  2.1221e+09  2.1221e+09  2.1313e+09  1.6016e+07  1.6016e+07  1.6016e+07
  0.609  2.3665e+09  2.3665e+09  2.3764e+09  2.3476e+09  2.3476e+09  2.3575e+09  1.7477e+07  1.7477e+07  1.7477e+07
  0.636  2.6113e+09  2.6113e+09  2.6219e+09  2.5908e+09  2.5908e+09  2.6014e+09  1.9071e+07  1.9071e+07  1.9071e+07
  0.665  2.8741e+09  2.8741e+09  2.8854e+09  2.8518e+09  2.8518e+09  2.8632e+09  2.0810e+07  2.0810e+07  2.0810e+07
  0.694  3.1548e+09  3.1548e+09  3.1669e+09  3.1307e+09  3.1307e+09  3.1427e+09  2.2708e+07  2.2708e+07  2.2708e+07
  0.725  3.4531e+09  3.4531e+09  3.4658e+09  3.4269e+09  3.4269e+09  3.4396e+09  2.4778e+07  2.4778e+07  2.4778e+07
  0.758  3.7682e+09  3.7682e+09  3.7815e+09  3.7397e+09  3.7397e+09  3.7530e+09  2.7038e+07  2.7038e+07  2.7038e+07
  0.792  4.0991e+09  4.0991e+09  4.1128e+09  4.0681e+09  4.0681e+09  4.0819e+09  2.9503e+07  2.9503e+07  2.9503e+07
  0.827  4.4442e+09  4.4442e+09  4.4584e+09  4.4105e+09  4.4105e+09  4.4248e+09  3.2192e+07  3.2192e+07  3.2192e+07
  0.864  4.8017e+09  4.8017e+09  4.8162e+09  4.7652e+09  4.7652e+09  4.7797e+09  3.5126e+07  3.5126e+07  3.5126e+07
  0.903  5.1695e+09  5.1695e+09  5.1842e+09  5.1297e+09  5.1297e+09  5.1444e+09  3.8328e+07  3.8328e+07  3.8328e+07
  0.943  5.5449e+09  5.5449e+09  5.5597e+09  5.5017e+09  5.5017e+09  5.5164e+09  4.1821e+07  4.1821e+07  4.1821e+07
  0.985  5.9253e+09  5.9253e+09  5.9399e+09  5.8782e+09  5.8782e+09  5.8929e+09  4.5631e+07  4.5631e+07  4.5631e+07
  1.029  6.3076e+09  6.3076e+09  6.3220e+09  6.2564e+09  6.2564e+09  6.2708e+09  4.9789e+07  4.9789e+07  4.9789e+07
  1.075  6.6889e+09  6.6889e+09  6.7028e+09  6.6331e+09  6.6331e+09  6.6471e+09  5.4325e+07  5.4325e+07  5.4325e+07
  1.123  7.0662e+09  7.0662e+09  7.0796e+09  7.0055e+09  7.0055e+09  7.0189e+09  5.9273e+07  5.9273e+07  5.9273e+07
  1.173  7.4368e+09  7.4368e+09  7.4496e+09  7.3707e+09  7.3707e+09  7.3835e+09  6.4671e+07  6.4671e+07  6.4671e+07
  1.226  7.7986e+09  7.7986e+09  7.8107e+09  7.7266e+09  7.7266e+09  7.7387e+09  7.0560e+07  7.0560e+07  7.0560e+07
  1.281  8.1498e+09  8.1498e+09  8.1612e+09  8.0714e+09  8.0714e+09  8.0827e+09  7.6984e+07  7.6984e+07  7.6984e+07
  1.338  8.4895e+09  8.4895e+09  8.5001e+09  8.4041e+09  8.4041e+09  8.4146e+09  8.3992e+07  8.3992e+07  8.3992e+07
  1.398  8.8174e+09  8.8174e+09  8.8272e+09  8.7243e+09  8.7243e+09  8.7342e+09  9.1637e+07  9.1637e+07  9.1637e+07
  1.460  9.1341e+09  9.1341e+09  9.1434e+09  9.0327e+09  9.0327e+09  9.0420e+09  9.9976e+07  9.9976e+07  9.9976e+07
  1.525  9.4413e+09  9.4413e+09  9.4501e+09  9.3308e+09  9.3308e+09  9.3396e+09  1.0907e+08  1.0907e+08  1.0907e+08
  1.593  9.7412e+09  9.7412e+09  9.7499e+09  9.6208e+09  9.6208e+09  9.6294e+09  1.1899e+08  1.1899e+08  1.1899e+08
  1.665  1.0037e+10  1.0037e+10  1.0046e+10  9.9058e+09  9.9058e+09  9.9145e+09  1.2982e+08  1.2982e+08  1.2982e+08
  1.739  1.0332e+10  1.0332e+10  1.0341e+10  1.0189e+10  1.0189e+10  1.0198e+10  1.4162e+08  1.4162e+08  1.4162e+08
  1.817  1.0632e+10  1.0632e+10  1.0641e+10  1.0476e+10  1.0476e+10  1.0485e+10  1.5450e+08  1.5450e+08  1.5450e+08
  1.898  1.0939e+10  1.0939e+10  1.0950e+10  1.0769e+10  1.0769e+10  1.0780e+10  1.6854e+08  1.6854e+08  1.6854e+08
  1.983  1.1259e+10  1.1259e+10  1.1271e+10  1.1074e+10  1.1074e+10  1.1086e+10  1.8385e+08  1.8385e+08  1.8385e+08
  2.071  1.1596e+10  1.1596e+10  1.1610e+10  1.1394e+10  1.1394e+10  1.1408e+10  2.0056e+08  2.0056e+08  2.0056e+08
  2.164  1.1955e+10  1.1955e+10  1.1970e+10  1.1735e+10  1.1735e+10  1.1750e+10  2.1877e+08  2.1877e+08  2.1877e+08
  2.261  1.2339e+10  1.2339e+10  1.2356e+10  1.2099e+10  1.2099e+10  1.2116e+10  2.3864e+08  2.3864e+08  2.3864e+08
  2.362  1.2752e+10  1.2752e+10  1.2771e+10  1.2490e+10  1.2490e+10  1.2510e+10  2.6030e+08  2.6030e+08  2.6030e+08
  2.467  1.3196e+10  1.3196e+10  1.3218e+10  1.2911e+10  1.2911e+10  1.2933e+10  2.8392e+08  2.8392e+08  2.8392e+08
  2.577  1.3675e+10  1.3675e+10  1.3700e+10  1.3364e+10  1.3364e+10  1.3389e+10  3.0968e+08  3.0968e+08  3.0968e+08
  2.693  1.4190e+10  1.4190e+10  1.4217e+10  1.3851e+10  1.3851e+10  1.3878e+10  3.3777e+08  3.3777e+08  3.3777e+08
  2.813  1.4742e+10  1.4742e+10  1.4772e+10  1.4373e+10  1.4373e+10  1.4403e+10  3.6839e+08  3.6839e+08  3.6839e+08
  2.939  1.5333e+10  1.5333e+10  1.5365e+10  1.4930e+10  1.4930e+10  1.4962e+10  4.0178e+08  4.0178e+08  4.0178e+08
  3.070  1.5961e+10  1.5961e+10  1.5997e+10  1.5522e+10  1.5522e+10  1.5557e+10  4.3818e+08  4.3818e+08  4.3818e+08
  3.207  1.6628e+10  1.6628e+10  1.6666e+10  1.6148e+10  1.6148e+10  1.6186e+10  4.7787e+08  4.7787e+08  4.7787e+08
  3.350  1.7331e+10  1.7331e+10  1.7371e+10  1.6808e+10  1.6808e+10  1.6849e+10  5.2113e+08  5.2113e+08  5.2113e+08
  3.500  1.8069e+10  1.8069e+10  1.8112e+10  1.7499e+10  1.7499e+10  1.7542e+10  5.6829e+08  5.6829e+08  5.6829e+08
  3.657  1.8840e+10  1.8840e+10  1.8885e+10  1.8219e+10  1.8219e+10  1.8264e+10  6.1970e+08  6.1970e+08  6.1970e+08
  3.820  1.9642e+10  1.9642e+10  1.9689e+10  1.8965e+10  1.8965e+10  1.9012e+10  6.7573e+08  6.7573e+08  6.7573e+08
  3.991  2.0471e+10  2.0471e+10  2.0520e+10  1.9733e+10  1.9733e+10  1.9781e+10  7.3680e+08  7.3680e+08  7.3680e+08
  4.169  2.1324e+10  2.1324e+10  2.1374e+10  2.0519e+10  2.0519e+10  2.0570e+10  8.0335e+08  8.0335e+08  8.0335e+08
  4.355  2.2198e+10  2.2198e+10  2.2250e+10  2.1321e+10  2.1321e+10  2.1373e+10  8.7588e+08  8.7588e+08  8.7588e+08
  4.550  2.3090e+10  2.3090e+10  2.3143e+10  2.2134e+10  2.2134e+10  2.2187e+10  9.5492e+08  9.5492e+08  9.5492e+08
  4.753  2.3997e+10  2.3997e+10  2.4051e+10  2.2954e+10  2.2954e+10  2.3008e+10  1.0410e+09  1.0410e+09  1.0410e+09
  4.966  2.4915e+10  2.4915e+10  2.4970e+10  2.3778e+10  2.3778e+10  2.3833e+10  1.1349e+09  1.1349e+09  1.1349e+09
  5.187  2.5842e+10  2.5842e+10  2.5899e+10  2.4604e+10  2.4604e+10  2.4660e+10  1.2371e+09  1.2371e+09  1.2371e+09
  5.419  2.6778e+10  2.6778e+10  2.6836e+10  2.5428e+10  2.5428e+10  2.5486e+10  1.3485e+09  1.3485e+09  1.3485e+09
  5.661  2.7722e+10  2.7722e+10  2.7781e+10  2.6251e+10  2.6251e+10  2.6310e+10  1.4698e+09  1.4698e+09  1.4698e+09
  5.914  2.8673e+10  2.8673e+10  2.8735e+10  2.7070e+10  2.7070e+10  2.7131e+10  1.6019e+09  1.6019e+09  1.6019e+09
  6.179  2.9634e+10  2.9634e+10  2.9698e+10  2.7887e+10  2.7887e+10  2.7951e+10  1.7459e+09  1.7459e+09  1.7459e+09
  6.455  3.0607e+10  3.0607e+10  3.0674e+10  2.8703e+10  2.8703e+10  2.8770e+10  1.9026e+09  1.9026e+09  1.9026e+09
  6.743  3.1595e+10  3.1595e+10  3.1665e+10  2.9521e+10  2.9521e+10  2.9590e+10  2.0733e+09  2.0733e+09  2.0733e+09
  7.045  3.2602e+10  3.2602e+10  3.2676e+10  3.0342e+10  3.0342e+10  3.0416e+10  2.2591e+09  2.2591e+09  2.2591e+09
  7.359  3.3633e+10  3.3633e+10  3.3712e+10  3.1171e+10  3.1170e+10  3.1249e+10  2.4614e+09  2.4614e+09  2.4614e+09
  7.688  3.4693e+10  3.4693e+10  3.4777e+10  3.2010e+10  3.2010e+10  3.2093e+10  2.6817e+09  2.6817e+09  2.6817e+09
  8.032  3.5788e+10  3.5787e+10  3.5876e+10  3.2865e+10  3.2864e+10  3.2953e+10  2.9214e+09  2.9214e+09  2.9214e+09
  8.391  3.6922e+10  3.6921e+10  3.7015e+10  3.3738e+10  3.3738e+10  3.3832e+10  3.1823e+09  3.1823e+09  3.1823e+09
  8.766  3.8101e+10  3.8100e+10  3.8199e+10  3.4633e+10  3.4632e+10  3.4732e+10  3.4663e+09  3.4663e+09  3.4663e+09
  9.157  3.9329e+10  3.9329e+10  3.9433e+10  3.5553e+10  3.5552e+10  3.5656e+10  3.7752e+09  3.7752e+09  3.7752e+09
  9.566  4.0611e+10  4.0611e+10  4.0719e+10  3.6499e+10  3.6498e+10  3.6606e+10  4.1114e+09  4.1114e+09  4.1114e+09
  9.994  4.1951e+10  4.1950e+10  4.2062e+10  3.7472e+10  3.7472e+10  3.7584e+10  4.4770e+09  4.4770e+09  4.4770e+09
 10.441  4.3350e+10  4.3350e+10  4.3465e+10  3.8474e+10  3.8474e+10  3.8589e+10  4.8747e+09  4.8747e+09  4.8747e+09
 10.907  4.4813e+10  4.4812e+10  4.4929e+10  3.9504e+10  3.9503e+10  3.9620e+10  5.3072e+09  5.3072e+09  5.3072e+09
 11.394  4.6340e+10  4.6339e+10  4.6457e+10  4.0561e+10  4.0560e+10  4.0678e+10  5.7774e+09  5.7774e+09  5.7774e+09
 11.904  4.7932e+10  4.7932e+10  4.8049e+10  4.1642e+10  4.1641e+10  4.1759e+10  6.2887e+09  6.2887e+09  6.2887e+09
 12.436  4.9592e+10  4.9592e+10  4.9707e+10  4.2747e+10  4.2746e+10  4.2862e+10  6.8444e+09  6.8444e+09  6.8444e+09
 12.991  5.1321e+10  5.1321e+10  5.1434e+10  4.3872e+10  4.3871e+10  4.3984e+10  7.4483e+09  7.4483e+09  7.4483e+09
 13.572  5.3121e+10  5.3121e+10  5.3230e+10  4.5015e+10  4.5015e+10  4.5124e+10  8.1045e+09  8.1045e+09  8.1045e+09
 14.178  5.4994e+10  5.4994e+10  5.5098e+10  4.6175e+10  4.6175e+10  4.6279e+10  8.8174e+09  8.8174e+09  8.8174e+09
 14.812  5.6944e+10  5.6943e+10  5.7042e+10  4.7351e+10  4.7350e+10  4.7449e+10  9.5918e+09  9.5918e+09  9.5918e+09
 15.474  5.8974e+10  5.8973e+10  5.9067e+10  4.8540e+10  4.8539e+10  4.8632e+10  1.0433e+10  1.0433e+10  1.0433e+10
 16.165  6.1090e+10  6.1090e+10  6.1177e+10  4.9743e+10  4.9742e+10  4.9830e+10  1.1346e+10  1.1346e+10  1.1346e+10
 16.888  6.3300e+10  6.3299e+10  6.3381e+10  5.0962e+10  5.0961e+10  5.1043e+10  1.2337e+10  1.2337e+10  1.2337e+10
 17.642  6.5611e+10  6.5610e+10  6.5687e+10  5.2197e+10  5.2196e+10  5.2273e+10  1.3412e+10  1.3412e+10  1.3412e+10
 18.431  6.8034e+10  6.8033e+10  6.8105e+10  5.3453e+10  5.3452e+10  5.3525e+10  1.4580e+10  1.4580e+10  1.4580e+10
 19.254  7.0579e+10  7.0579e+10  7.0648e+10  5.4732e+10  5.4732e+10  5.4801e+10  1.5845e+10  1.5845e+10  1.5845e+10
 20.114  7.3261e+10  7.3260e+10  7.3328e+10  5.6041e+10  5.6040e+10  5.6108e+10  1.7218e+10  1.7218e+10  1.7218e+10
 21.013  7.6092e+10  7.6091e+10  7.6159e+10  5.7384e+10  5.7383e+10  5.7451e+10  1.8707e+10  1.8707e+10  1.8707e+10
 21.952  7.9088e+10  7.9087e+10  7.9157e+10  5.8767e+10  5.8766e+10  5.8835e+10  2.0320e+10  2.0320e+10  2.0320e+10
 22.933  8.2265e+10  8.2264e+10  8.2336e+10  6.0195e+10  6.0195e+10  6.0267e+10  2.2068e+10  2.2068e+10  2.2068e+10
 23.958  8.5638e+10  8.5637e+10  8.5714e+10  6.1675e+10  6.1674e+10  6.1750e+10  2.3962e+10  2.3962e+10  2.3962e+10
 25.029  8.9223e+10  8.9223e+10  8.9305e+10  6.3209e+10  6.3209e+10  6.3290e+10  2.6013e+10  2.6013e+10  2.6013e+10
 26.147  9.3036e+10  9.3036e+10  9.3124e+10  6.4802e+10  6.4801e+10  6.4889e+10  2.8233e+10  2.8233e+10  2.8233e+10
 27.315  9.7092e+10  9.7091e+10  9.7185e+10  6.6454e+10  6.6454e+10  6.6548e+10  3.0636e+10  3.0636e+10  3.0636e+10
 28.536  1.0140e+11  1.0140e+11  1.0150e+11  6.8166e+10  6.8165e+10  6.8266e+10  3.3235e+10  3.3235e+10  3.3235e+10
 29.811  1.0598e+11  1.0598e+11  1.0609e+11  6.9933e+10  6.9932e+10  7.0038e+10  3.6047e+10  3.6047e+10  3.6047e+10
 31.143  1.1084e+11  1.1084e+11  1.1095e+11  7.1751e+10  7.1750e+10  7.1861e+10  3.9086e+10  3.9086e+10  3.9086e+10
 32.535  1.1598e+11  1.1598e+11  1.1610e+11  7.3612e+10  7.3611e+10  7.3724e+10  4.2371e+10  4.2371e+10  4.2371e+10
 33.989  1.2143e+11  1.2143e+11  1.2154e+11  7.5507e+10  7.5506e+10  7.5619e+10  4.5919e+10  4.5919e+10  4.5919e+10
 35.508  1.2717e+11  1.2717e+11  1.2729e+11  7.7423e+10  7.7422e+10  7.7533e+10  4.9751e+10  4.9751e+10  4.9751e+10
 37.094  1.3323e+11  1.3323e+11  1.3334e+11  7.9347e+10  7.9346e+10  7.9451e+10  5.3887e+10  5.3887e+10  5.3887e+10
 38.752  1.3961e+11  1.3961e+11  1.3971e+11  8.1263e+10  8.1263e+10  8.1358e+10  5.8349e+10  5.8349e+10  5.8349e+10
 40.484  1.4632e+11  1.4632e+11  1.4640e+11  8.3156e+10  8.3156e+10  8.3238e+10  6.3162e+10  6.3162e+10  6.3162e+10
 42.293  1.5336e+11  1.5336e+11  1.5343e+11  8.5009e+10  8.5009e+10  8.5075e+10  6.8350e+10  6.8350e+10  6.8350e+10
 44.183  1.6075e+11  1.6075e+11  1.6079e+11  8.6805e+10  8.6805e+10  8.6850e+10  7.3940e+10  7.3940e+10  7.3940e+10
 46.157  1.6849e+11  1.6849e+11  1.6851e+11  8.8528e+10  8.8527e+10  8.8550e+10  7.9960e+10  7.9960e+10  7.9960e+10
 48.220  1.7660e+11  1.7660e+11  1.7660e+11  9.0163e+10  9.0157e+10  9.0163e+10  8.6440e+10  8.6440e+10  8.6440e+10
 50.374  1.8511e+11  1.8507e+11  1.8511e+11  9.1696e+10  9.1661e+10  9.1696e+10  9.3412e+10  9.3412e+10  9.3412e+10
 52.625  1.9403e+11  1.9396e+11  1.9403e+11  9.3116e+10  9.3049e+10  9.3116e+10  1.0091e+11  1.0091e+11  1.0091e+11
 54.977  2.0338e+11  2.0328e+11  2.0338e+11  9.4414e+10  9.4314e+10  9.4414e+10  1.0896e+11  1.0896e+11  1.0896e+11
 57.434  2.1320e+11  2.1307e+11  2.1320e+11  9.5584e+10  9.5450e+10  9.5584e+10  1.1762e+11  1.1762e+11  1.1762e+11
 60.000  2.2353e+11  2.2336e+11  2.2353e+11  9.6623e+10  9.6456e+10  9.6623e+10  1.2691e+11  1.2691e+11  1.2691e+11
