           5           4           3
    1    1    1              6.8905035111E+14              0.0000000000E+00              3.4640900422E+15              0.0000000000E+00              1.7082133544E+02              0.0000000000E+00              4.7345193030E+15              9.2838410499E+13              2.1338568144E+02   0
    1    1    2              7.7421221448E+14              0.0000000000E+00              3.8922276412E+15              0.0000000000E+00              1.2331540293E+02              0.0000000000E+00              4.7345193030E+15              9.2838410499E+13              2.1338568144E+02   0
    1    1    3              8.5937407786E+14              0.0000000000E+00              4.3203652401E+15              0.0000000000E+00              3.6967830513E+01              0.0000000000E+00              4.7345193030E+15              9.2838410499E+13              2.1338568144E+02   0
    1    2    1              1.8876127956E+15              0.0000000000E+00              2.8250121876E+15              0.0000000000E+00              1.8798738208E+02              0.0000000000E+00              4.7345193030E+15              9.2838410499E+13              2.1338568144E+02   0
    1    2    2              2.1854107198E+15              0.0000000000E+00              3.2706982771E+15              0.0000000000E+00              1.3587591746E+02              0.0000000000E+00              4.7345193030E+15              9.2838410499E+13              2.1338568144E+02   0
    1    2    3              2.4832086441E+15              0.0000000000E+00              3.7163843666E+15              0.0000000000E+00              4.0716517774E+01              0.0000000000E+00              4.7345193030E+15              9.2838410499E+13              2.1338568144E+02   0
    1    3    1              2.7271685988E+15              0.0000000000E+00              1.8222357997E+15              0.0000000000E+00              2.0402040085E+02              0.0000000000E+00              4.7345193030E+15              9.2838410499E+13              2.1338568144E+02   0
    1    3    2              3.2641698990E+15              0.0000000000E+00              2.1810485970E+15              0.0000000000E+00              1.4778635543E+02              0.0000000000E+00              4.7345193030E+15              9.2838410499E+13              2.1338568144E+02   0
    1    3    3              3.8011711992E+15              0.0000000000E+00              2.5398613944E+15              0.0000000000E+00              4.4286484304E+01              0.0000000000E+00              4.7345193030E+15              9.2838410499E+13              2.1338568144E+02   0
    1    4    1              3.1622906857E+15              0.0000000000E+00              6.2901872664E+14              0.0000000000E+00              2.1251230099E+02              0.0000000000E+00              4.7345193030E+15              9.2838410499E+13              2.1338568144E+02   0
    1    4    2              3.8618115572E+15              0.0000000000E+00              7.6816207921E+14              0.0000000000E+00              1.5420118841E+02              0.0000000000E+00              4.7345193030E+15              9.2838410499E+13              2.1338568144E+02   0
    1    4    3              4.5613324286E+15              0.0000000000E+00              9.0730543178E+14              0.0000000000E+00              4.6221966698E+01              0.0000000000E+00              4.7345193030E+15              9.2838410499E+13              2.1338568144E+02   0
    2    1    1              1.8059701081E+15              0.0000000000E+00              9.0792248463E+15              0.0000000000E+00              2.5306103491E+02              0.0000000000E+00              1.5790727593E+16              2.0991805690E+14              2.7190279324E+02   0
    2    1    2              2.3201934699E+15              0.0000000000E+00              1.1664400261E+16              0.0000000000E+00              1.7069608421E+02              0.0000000000E+00              1.5790727593E+16              2.0991805690E+14              2.7190279324E+02   0
    2    1    3              2.8344168317E+15              0.0000000000E+00              1.4249575675E+16              0.0000000000E+00              4.8778518455E+01              0.0000000000E+00              1.5790727593E+16              2.0991805690E+14              2.7190279324E+02   0
    2    2    1              5.1647236564E+15              0.0000000000E+00              7.7295551868E+15              0.0000000000E+00              2.5569816337E+02              0.0000000000E+00              1.5790727593E+16              2.0991805690E+14              2.7190279324E+02   0
    2    2    2              6.6842862430E+15              0.0000000000E+00              1.0003741311E+16              0.0000000000E+00              1.7189246733E+02              0.0000000000E+00              1.5790727593E+16              2.0991805690E+14              2.7190279324E+02   0
    2    2    3              8.2038488295E+15              0.0000000000E+00              1.2277927434E+16              0.0000000000E+00              4.9044466961E+01              0.0000000000E+00              1.5790727593E+16              2.0991805690E+14              2.7190279324E+02   0
    2    3    1              7.7644333661E+15              0.0000000000E+00              5.1880285108E+15              0.0000000000E+00              2.6008611709E+02              0.0000000000E+00              1.5790727593E+16              2.0991805690E+14              2.7190279324E+02   0
    2    3    2              1.0176904808E+16              0.0000000000E+00              6.7999903931E+15              0.0000000000E+00              1.7378410791E+02              0.0000000000E+00              1.5790727593E+16              2.0991805690E+14              2.7190279324E+02   0
    2    3    3              1.2589376251E+16              0.0000000000E+00              8.4119522755E+15              0.0000000000E+00              4.9447527469E+01              0.0000000000E+00              1.5790727593E+16              2.0991805690E+14              2.7190279324E+02   0
    2    4    1              9.2064865621E+15              0.0000000000E+00              1.8312840373E+15              0.0000000000E+00              2.6282446127E+02              0.0000000000E+00              1.5790727593E+16              2.0991805690E+14              2.7190279324E+02   0
    2    4    2              1.2175489407E+16              0.0000000000E+00              2.4218554219E+15              0.0000000000E+00              1.7476715979E+02              0.0000000000E+00              1.5790727593E+16              2.0991805690E+14              2.7190279324E+02   0
    2    4    3              1.5144492251E+16              0.0000000000E+00              3.0124268065E+15              0.0000000000E+00              4.9620823394E+01              0.0000000000E+00              1.5790727593E+16              2.0991805690E+14              2.7190279324E+02   0
    3    1    1              6.0090623217E+15              0.0000000000E+00              3.0209596320E+16              0.0000000000E+00              2.2230016984E+02              0.0000000000E+00              5.2665764346E+16              7.8197805567E+14              2.4605341324E+02   0
    3    1    2              7.5403828905E+15              0.0000000000E+00              3.7908064691E+16              0.0000000000E+00              1.4995492232E+02              0.0000000000E+00              5.2665764346E+16              7.8197805567E+14              2.4605341324E+02   0
    3    1    3              9.0717034594E+15              0.0000000000E+00              4.5606533062E+16              0.0000000000E+00              4.2591663296E+01              0.0000000000E+00              5.2665764346E+16              7.8197805567E+14              2.4605341324E+02   0
    3    2    1              1.7180158821E+16              0.0000000000E+00              2.5711924695E+16              0.0000000000E+00              2.2700348842E+02              0.0000000000E+00              5.2665764346E+16              7.8197805567E+14              2.4605341324E+02   0
    3    2    2              2.1796117828E+16              0.0000000000E+00              3.2620195545E+16              0.0000000000E+00              1.5273646073E+02              0.0000000000E+00              5.2665764346E+16              7.8197805567E+14              2.4605341324E+02   0
    3    2    3              2.6412076835E+16              0.0000000000E+00              3.9528466395E+16              0.0000000000E+00              4.3327999265E+01              0.0000000000E+00              5.2665764346E+16              7.8197805567E+14              2.4605341324E+02   0
    3    3    1              2.5988083439E+16              0.0000000000E+00              1.7364682195E+16              0.0000000000E+00              2.3341200641E+02              0.0000000000E+00              5.2665764346E+16              7.8197805567E+14              2.4605341324E+02   0
    3    3    2              3.3552994786E+16              0.0000000000E+00              2.2419394354E+16              0.0000000000E+00              1.5637226273E+02              0.0000000000E+00              5.2665764346E+16              7.8197805567E+14              2.4605341324E+02   0
    3    3    3              4.1117906133E+16              0.0000000000E+00              2.7474106514E+16              0.0000000000E+00              4.4299414680E+01              0.0000000000E+00              5.2665764346E+16              7.8197805567E+14              2.4605341324E+02   0
    3    4    1              3.1002028002E+16              0.0000000000E+00              6.1666867834E+15              0.0000000000E+00              2.3803742592E+02              0.0000000000E+00              5.2665764346E+16              7.8197805567E+14              2.4605341324E+02   0
    3    4    2              4.0678950975E+16              0.0000000000E+00              8.0915464410E+15              0.0000000000E+00              1.5868242042E+02              0.0000000000E+00              5.2665764346E+16              7.8197805567E+14              2.4605341324E+02   0
    3    4    3              5.0355873949E+16              0.0000000000E+00              1.0016406099E+16              0.0000000000E+00              4.4897505687E+01              0.0000000000E+00              5.2665764346E+16              7.8197805567E+14              2.4605341324E+02   0
    4    1    1              2.0834823241E+16              0.0000000000E+00              1.0474372969E+17              0.0000000000E+00              1.9552496903E+02              0.0000000000E+00              1.7565262385E+17              3.0249404034E+15              2.1839411246E+02   0
    4    1    2              2.6073289274E+16              0.0000000000E+00              1.3107927686E+17              0.0000000000E+00              1.3417113809E+02              0.0000000000E+00              1.7565262385E+17              3.0249404034E+15              2.1839411246E+02   0
    4    1    3              3.1311755308E+16              0.0000000000E+00              1.5741482403E+17              0.0000000000E+00              3.8711485157E+01              0.0000000000E+00              1.7565262385E+17              3.0249404034E+15              2.1839411246E+02   0
    4    2    1              5.9479290330E+16              0.0000000000E+00              8.9017048667E+16              0.0000000000E+00              1.9924166313E+02              0.0000000000E+00              1.7565262385E+17              3.0249404034E+15              2.1839411246E+02   0
    4    2    2              7.4991175419E+16              0.0000000000E+00              1.1223222528E+17              0.0000000000E+00              1.3661360881E+02              0.0000000000E+00              1.7565262385E+17              3.0249404034E+15              2.1839411246E+02   0
    4    2    3              9.0503060508E+16              0.0000000000E+00              1.3544740189E+17              0.0000000000E+00              3.9412653718E+01              0.0000000000E+00              1.7565262385E+17              3.0249404034E+15              2.1839411246E+02   0
    4    3    1              8.9316639171E+16              0.0000000000E+00              5.9679470305E+16              0.0000000000E+00              2.0578679520E+02              0.0000000000E+00              1.7565262385E+17              3.0249404034E+15              2.1839411246E+02   0
    4    3    2              1.1422067539E+17              0.0000000000E+00              7.6319815301E+16              0.0000000000E+00              1.4073125299E+02              0.0000000000E+00              1.7565262385E+17              3.0249404034E+15              2.1839411246E+02   0
    4    3    3              1.3912471160E+17              0.0000000000E+00              9.2960160298E+16              0.0000000000E+00              4.0589181490E+01              0.0000000000E+00              1.7565262385E+17              3.0249404034E+15              2.1839411246E+02   0
    4    4    1              1.0623097777E+17              0.0000000000E+00              2.1130655278E+16              0.0000000000E+00              2.1082692983E+02              0.0000000000E+00              1.7565262385E+17              3.0249404034E+15              2.1839411246E+02   0
    4    4    2              1.3731958569E+17              0.0000000000E+00              2.7314563877E+16              0.0000000000E+00              1.4352407437E+02              0.0000000000E+00              1.7565262385E+17              3.0249404034E+15              2.1839411246E+02   0
    4    4    3              1.6840819360E+17              0.0000000000E+00              3.3498472475E+16              0.0000000000E+00              4.1357767570E+01              0.0000000000E+00              1.7565262385E+17              3.0249404034E+15              2.1839411246E+02   0
    5    1    1              7.2699368072E+16              0.0000000000E+00              3.6548440416E+17              0.0000000000E+00              2.1675256489E+02              0.0000000000E+00              5.8584252310E+17              9.9740732442E+15              2.2829743628E+02   0
    5    1    2              9.2226150485E+16              0.0000000000E+00              4.6365216854E+17              0.0000000000E+00              1.5079263458E+02              0.0000000000E+00              5.8584252310E+17              9.9740732442E+15              2.2829743628E+02   0
    5    1    3              1.1175293290E+17              0.0000000000E+00              5.6181993293E+17              0.0000000000E+00              4.4024409583E+01              0.0000000000E+00              5.8584252310E+17              9.9740732442E+15              2.2829743628E+02   0
    5    2    1              2.0679802142E+17              0.0000000000E+00              3.0949511057E+17              0.0000000000E+00              2.1790453188E+02              0.0000000000E+00              5.8584252310E+17              9.9740732442E+15              2.2829743628E+02   0
    5    2    2              2.6269905630E+17              0.0000000000E+00              3.9315692151E+17              0.0000000000E+00              1.5145589959E+02              0.0000000000E+00              5.8584252310E+17              9.9740732442E+15              2.2829743628E+02   0
    5    2    3              3.1860009118E+17              0.0000000000E+00              4.7681873245E+17              0.0000000000E+00              4.4191559022E+01              0.0000000000E+00              5.8584252310E+17              9.9740732442E+15              2.2829743628E+02   0
    5    3    1              3.0935144703E+17              0.0000000000E+00              2.0670202851E+17              0.0000000000E+00              2.1970301158E+02              0.0000000000E+00              5.8584252310E+17              9.9740732442E+15              2.2829743628E+02   0
    5    3    2              3.9353425280E+17              0.0000000000E+00              2.6295118101E+17              0.0000000000E+00              1.5242727408E+02              0.0000000000E+00              5.8584252310E+17              9.9740732442E+15              2.2829743628E+02   0
    5    3    3              4.7771705857E+17              0.0000000000E+00              3.1920033351E+17              0.0000000000E+00              4.4426909779E+01              0.0000000000E+00              5.8584252310E+17              9.9740732442E+15              2.2829743628E+02   0
    5    4    1              3.6539486302E+17              0.0000000000E+00              7.2681557232E+16              0.0000000000E+00              2.2132672300E+02              0.0000000000E+00              5.8584252310E+17              9.9740732442E+15              2.2829743628E+02   0
    5    4    2              4.6493237584E+17              0.0000000000E+00              9.2480799549E+16              0.0000000000E+00              1.5317513119E+02              0.0000000000E+00              5.8584252310E+17              9.9740732442E+15              2.2829743628E+02   0
    5    4    3              5.6446988866E+17              0.0000000000E+00              1.1228004187E+17              0.0000000000E+00              4.4583237424E+01              0.0000000000E+00              5.8584252310E+17              9.9740732442E+15              2.2829743628E+02   0
