           5           4           3
    1    1    1              8.4174448105E+14              2.2554475393E+14              4.3810147287E+15              0.0000000000E+00              0.0000000000E+00              0.0000000000E+00              4.7345193030E+15              9.3027158261E+13              2.1293587020E+02   0
    1    1    2              6.1615899149E+14              6.1615899149E+14              4.3807251093E+15              0.0000000000E+00              0.0000000000E+00              0.0000000000E+00              4.7345193030E+15              9.3027158261E+13              2.1293587020E+02   0
    1    1    3              2.2551493338E+14              8.4163318923E+14              4.3804354899E+15              0.0000000000E+00              0.0000000000E+00              0.0000000000E+00              4.7345193030E+15              9.3027158261E+13              2.1293587020E+02   0
    1    2    1              2.4345680001E+15              6.5234052955E+14              3.7721203838E+15              0.0000000000E+00              0.0000000000E+00              0.0000000000E+00              4.7345193030E+15              9.3027158261E+13              2.1293587020E+02   0
    1    2    2              1.7812356256E+15              1.7812356256E+15              3.7700211238E+15              0.0000000000E+00              0.0000000000E+00              0.0000000000E+00              4.7345193030E+15              9.3027158261E+13              2.1293587020E+02   0
    1    2    3              6.5161515629E+14              2.4318608703E+15              3.7679259560E+15              0.0000000000E+00              0.0000000000E+00              0.0000000000E+00              4.7345193030E+15              9.3027158261E+13              2.1293587020E+02   0
    1    3    1              3.7281286091E+15              9.9894905010E+14              2.5789308332E+15              0.0000000000E+00              0.0000000000E+00              0.0000000000E+00              4.7345193030E+15              9.3027158261E+13              2.1293587020E+02   0
    1    3    2              2.7255973205E+15              2.7255973205E+15              2.5755458066E+15              0.0000000000E+00              0.0000000000E+00              0.0000000000E+00              4.7345193030E+15              9.3027158261E+13              2.1293587020E+02   0
    1    3    3              9.9633302419E+14              3.7183654675E+15              2.5721771856E+15              0.0000000000E+00              0.0000000000E+00              0.0000000000E+00              4.7345193030E+15              9.3027158261E+13              2.1293587020E+02   0
    1    4    1              4.4729924211E+15              1.1985347070E+15              9.2111991164E+14              0.0000000000E+00              0.0000000000E+00              0.0000000000E+00              4.7345193030E+15              9.3027158261E+13              2.1293587020E+02   0
    1    4    2              3.2682456947E+15              3.2682456947E+15              9.1937244220E+14              0.0000000000E+00              0.0000000000E+00              0.0000000000E+00              4.7345193030E+15              9.3027158261E+13              2.1293587020E+02   0
    1    4    3              1.1940009356E+15              4.4560721561E+15              9.1763553438E+14              0.0000000000E+00              0.0000000000E+00              0.0000000000E+00              4.7345193030E+15              9.3027158261E+13              2.1293587020E+02   0
    2    1    1              2.8046614789E+15              7.5150677833E+14              1.4597379044E+16              0.0000000000E+00              0.0000000000E+00              0.0000000000E+00              1.5790727593E+16              2.1009172678E+14              2.7151208657E+02   0
    2    1    2              2.0530460103E+15              2.0530460103E+15              1.4596606286E+16              0.0000000000E+00              0.0000000000E+00              0.0000000000E+00              1.5790727593E+16              2.1009172678E+14              2.7151208657E+02   0
    2    1    3              7.5142721152E+14              2.8043645316E+15              1.4595833527E+16              0.0000000000E+00              0.0000000000E+00              0.0000000000E+00              1.5790727593E+16              2.1009172678E+14              2.7151208657E+02   0
    2    2    1              8.1087450965E+15              2.1727317002E+15              1.2563692065E+16              0.0000000000E+00              0.0000000000E+00              0.0000000000E+00              1.5790727593E+16              2.1009172678E+14              2.7151208657E+02   0
    2    2    2              5.9333437542E+15              5.9333437542E+15              1.2558041714E+16              0.0000000000E+00              0.0000000000E+00              0.0000000000E+00              1.5790727593E+16              2.1009172678E+14              2.7151208657E+02   0
    2    2    3              2.1707797469E+15              8.1014603075E+15              1.2552405011E+16              0.0000000000E+00              0.0000000000E+00              0.0000000000E+00              1.5790727593E+16              2.1009172678E+14              2.7151208657E+02   0
    2    3    1              1.2420429577E+16              3.3280440747E+15              8.5918250564E+15              0.0000000000E+00              0.0000000000E+00              0.0000000000E+00              1.5790727593E+16              2.1009172678E+14              2.7151208657E+02   0
    2    3    2              9.0823390933E+15              9.0823390933E+15              8.5823317297E+15              0.0000000000E+00              0.0000000000E+00              0.0000000000E+00              1.5790727593E+16              2.1009172678E+14              2.7151208657E+02   0
    2    3    3              3.3207143200E+15              1.2393074560E+16              8.5729022391E+15              0.0000000000E+00              0.0000000000E+00              0.0000000000E+00              1.5790727593E+16              2.1009172678E+14              2.7151208657E+02   0
    2    4    1              1.4916110676E+16              3.9967598099E+15              3.0716632747E+15              0.0000000000E+00              0.0000000000E+00              0.0000000000E+00              1.5790727593E+16              2.1009172678E+14              2.7151208657E+02   0
    2    4    2              1.0901296142E+16              1.0901296142E+16              3.0665843984E+15              0.0000000000E+00              0.0000000000E+00              0.0000000000E+00              1.5790727593E+16              2.1009172678E+14              2.7151208657E+02   0
    2    4    3              3.9836011694E+15              1.4867001961E+16              3.0615503546E+15              0.0000000000E+00              0.0000000000E+00              0.0000000000E+00              1.5790727593E+16              2.1009172678E+14              2.7151208657E+02   0
    3    1    1              9.0117947546E+15              2.4147031269E+15              4.6903551424E+16              0.0000000000E+00              0.0000000000E+00              0.0000000000E+00              5.2665764346E+16              7.8308895372E+14              2.4533078318E+02   0
    3    1    2              6.5967140158E+15              6.5967140158E+15              4.6900866704E+16              0.0000000000E+00              0.0000000000E+00              0.0000000000E+00              5.2665764346E+16              7.8308895372E+14              2.4533078318E+02   0
    3    1    3              2.4144266957E+15              9.0107630996E+15              4.6898181985E+16              0.0000000000E+00              0.0000000000E+00              0.0000000000E+00              5.2665764346E+16              7.8308895372E+14              2.4533078318E+02   0
    3    2    1              2.6208166518E+16              7.0224570535E+15              4.0606941001E+16              0.0000000000E+00              0.0000000000E+00              0.0000000000E+00              5.2665764346E+16              7.8308895372E+14              2.4533078318E+02   0
    3    2    2              1.9175687223E+16              1.9175687223E+16              4.0585728725E+16              0.0000000000E+00              0.0000000000E+00              0.0000000000E+00              5.2665764346E+16              7.8308895372E+14              2.4533078318E+02   0
    3    2    3              7.0151281356E+15              2.6180814624E+16              4.0564561968E+16              0.0000000000E+00              0.0000000000E+00              0.0000000000E+00              5.2665764346E+16              7.8308895372E+14              2.4533078318E+02   0
    3    3    1              4.0677782695E+16              1.0899579023E+16              2.8138832915E+16              0.0000000000E+00              0.0000000000E+00              0.0000000000E+00              5.2665764346E+16              7.8308895372E+14              2.4533078318E+02   0
    3    3    2              2.9735169072E+16              2.9735169072E+16              2.8098167487E+16              0.0000000000E+00              0.0000000000E+00              0.0000000000E+00              5.2665764346E+16              7.8308895372E+14              2.4533078318E+02   0
    3    3    3              1.0868216887E+16              4.0560737608E+16              2.8057867044E+16              0.0000000000E+00              0.0000000000E+00              0.0000000000E+00              5.2665764346E+16              7.8308895372E+14              2.4533078318E+02   0
    3    4    1              4.9604217340E+16              1.3291409978E+16              1.0214958576E+16              0.0000000000E+00              0.0000000000E+00              0.0000000000E+00              5.2665764346E+16              7.8308895372E+14              2.4533078318E+02   0
    3    4    2              3.6223773183E+16              3.6223773183E+16              1.0189912855E+16              0.0000000000E+00              0.0000000000E+00              0.0000000000E+00              5.2665764346E+16              7.8308895372E+14              2.4533078318E+02   0
    3    4    3              1.3226732731E+16              4.9362838569E+16              1.0165251630E+16              0.0000000000E+00              0.0000000000E+00              0.0000000000E+00              5.2665764346E+16              7.8308895372E+14              2.4533078318E+02   0
    4    1    1              3.0978646132E+16              8.3007032135E+15              1.6123408948E+17              0.0000000000E+00              0.0000000000E+00              0.0000000000E+00              1.7565262385E+17              3.0368551290E+15              2.1752525814E+02   0
    4    1    2              2.2677036133E+16              2.2677036133E+16              1.6122764248E+17              0.0000000000E+00              0.0000000000E+00              0.0000000000E+00              1.7565262385E+17              3.0368551290E+15              2.1752525814E+02   0
    4    1    3              8.3000394007E+15              3.0976168748E+16              1.6122119548E+17              0.0000000000E+00              0.0000000000E+00              0.0000000000E+00              1.7565262385E+17              3.0368551290E+15              2.1752525814E+02   0
    4    2    1              8.9485503327E+16              2.3977568351E+16              1.3864886548E+17              0.0000000000E+00              0.0000000000E+00              0.0000000000E+00              1.7565262385E+17              3.0368551290E+15              2.1752525814E+02   0
    4    2    2              6.5483689992E+16              6.5483689992E+16              1.3859755048E+17              0.0000000000E+00              0.0000000000E+00              0.0000000000E+00              1.7565262385E+17              3.0368551290E+15              2.1752525814E+02   0
    4    2    3              2.3959819791E+16              8.9419264800E+16              1.3854623549E+17              0.0000000000E+00              0.0000000000E+00              0.0000000000E+00              1.7565262385E+17              3.0368551290E+15              2.1752525814E+02   0
    4    3    1              1.3731483792E+17              3.6793399929E+16              9.4987460600E+16              0.0000000000E+00              0.0000000000E+00              0.0000000000E+00              1.7565262385E+17              3.0368551290E+15              2.1752525814E+02   0
    4    3    2              1.0041784272E+17              1.0041784272E+17              9.4889568531E+16              0.0000000000E+00              0.0000000000E+00              0.0000000000E+00              1.7565262385E+17              3.0368551290E+15              2.1752525814E+02   0
    4    3    3              3.6717916573E+16              1.3703313020E+17              9.4792589445E+16              0.0000000000E+00              0.0000000000E+00              0.0000000000E+00              1.7565262385E+17              3.0368551290E+15              2.1752525814E+02   0
    4    4    1              1.6573744746E+17              4.4409215202E+16              3.4130185921E+16              0.0000000000E+00              0.0000000000E+00              0.0000000000E+00              1.7565262385E+17              3.0368551290E+15              2.1752525814E+02   0
    4    4    2              1.2111625190E+17              1.2111625190E+17              3.4070554878E+16              0.0000000000E+00              0.0000000000E+00              0.0000000000E+00              1.7565262385E+17              3.0368551290E+15              2.1752525814E+02   0
    4    4    3              4.4255193564E+16              1.6516263088E+17              3.4011814383E+16              0.0000000000E+00              0.0000000000E+00              0.0000000000E+00              1.7565262385E+17              3.0368551290E+15              2.1752525814E+02   0
    5    1    1              1.0986251562E+17              2.9437572338E+16              5.7179976810E+17              0.0000000000E+00              0.0000000000E+00              0.0000000000E+00              5.8584252310E+17              9.9843131753E+15              2.2798540896E+02   0
    5    1    2              8.0424523232E+16              8.0424523232E+16              5.7179678167E+17              0.0000000000E+00              0.0000000000E+00              0.0000000000E+00              5.8584252310E+17              9.9843131753E+15              2.2798540896E+02   0
    5    1    3              2.9437295592E+16              1.0986148279E+17              5.7179439253E+17              0.0000000000E+00              0.0000000000E+00              0.0000000000E+00              5.8584252310E+17              9.9843131753E+15              2.2798540896E+02   0
    5    2    1              3.1321427179E+17              8.3925511184E+16              4.8529428591E+17              0.0000000000E+00              0.0000000000E+00              0.0000000000E+00              5.8584252310E+17              9.9843131753E+15              2.2798540896E+02   0
    5    2    2              2.2927895182E+17              2.2927895182E+17              4.8527352541E+17              0.0000000000E+00              0.0000000000E+00              0.0000000000E+00              5.8584252310E+17              9.9843131753E+15              2.2798540896E+02   0
    5    2    3              8.3918330653E+16              3.1318747368E+17              4.8525276492E+17              0.0000000000E+00              0.0000000000E+00              0.0000000000E+00              5.8584252310E+17              9.9843131753E+15              2.2798540896E+02   0
    5    3    1              4.6962399105E+17              1.2583536915E+17              3.2486212723E+17              0.0000000000E+00              0.0000000000E+00              0.0000000000E+00              5.8584252310E+17              9.9843131753E+15              2.2798540896E+02   0
    5    3    2              3.4374959489E+17              3.4374959489E+17              3.2482524876E+17              0.0000000000E+00              0.0000000000E+00              0.0000000000E+00              5.8584252310E+17              9.9843131753E+15              2.2798540896E+02   0
    5    3    3              1.2580693044E+17              4.6951785636E+17              3.2478870862E+17              0.0000000000E+00              0.0000000000E+00              0.0000000000E+00              5.8584252310E+17              9.9843131753E+15              2.2798540896E+02   0
    5    4    1              5.5484601358E+17              1.4867054126E+17              1.1425901564E+17              0.0000000000E+00              0.0000000000E+00              0.0000000000E+00              5.8584252310E+17              9.9843131753E+15              2.2798540896E+02   0
    5    4    2              4.0609902804E+17              4.0609902804E+17              1.1423751152E+17              0.0000000000E+00              0.0000000000E+00              0.0000000000E+00              5.8584252310E+17              9.9843131753E+15              2.2798540896E+02   0
    5    4    3              1.4861504393E+17              5.5463889473E+17              1.1421636381E+17              0.0000000000E+00              0.0000000000E+00              0.0000000000E+00              5.8584252310E+17              9.9843131753E+15              2.2798540896E+02   0
